1	0	教學大樓	0	0
1	1	第一共同研究室	1975.2	1734
1	2	水源階梯教室	1975.2	1734
1	3	普通教學館	1672.2	1856
1	4	博雅教學館	1670.4	1883
1	5	綜合教學館	1950.4	1824
1	6	新生教學館	1840.3	1975
2	0	學生宿舍	0	0
2	1	大一女舍	1461.9	1529
2	2	太子學舍水源舍區	1047.2	1428
2	3	太子學舍長興舍區	2595.9	1721
2	4	女一舍	1460.6	1536
2	5	女二舍	1450.6	1567
2	6	女三舍	1441	1598
2	7	女五舍	1525.3	1572
2	8	女六舍	130.2	4107
2	9	女八舍	1945.5	2000
2	10	女九舍	1941.2	1966
2	11	女四宿舍	418.4	4174
2	12	男一舍	2442.4	1645
2	13	男二舍	177.8	4095
2	14	男三舍	2537.6	1581
2	15	男五舍	2496.5	1563
2	16	男六舍	2520.5	1681
2	17	男七舍	2701.3	1489
2	18	男八舍	2516.7	1717
2	19	男四宿舍	318.5	4198
2	20	第一女研究生宿舍	1975.2	1734
2	21	第一男研究生宿舍	2441.6	1644
2	22	第三研究生宿舍	1975.2	1734
3	0	系館/研究大樓	0	0
3	1	獸醫館	2175.5	1826
3	2	國家發展所大樓	1975.2	1734
3	3	社科院大樓	2238.8	2058
3	4	獸醫系三館	2219.8	1826
3	5	農機館	2307	1792
3	6	知武館	2285.9	1831
3	7	生機二號館	1975.2	1734
3	8	電機二館	2202.2	1867
3	9	德田館	2148.9	1943
3	10	資訊工程館	2148.9	1943
3	11	霖澤館	2358.4	2054
3	12	萬才館	2480.7	1990
3	13	博理館	2229.6	1928
3	14	工程科學及海洋工程學系館	2049.7	1741
3	15	新聞研究所館	2303.2	1941
3	16	社會及社工館	1975.2	1734
3	17	人文大樓	1975.2	1734
3	18	農藝館	2085	1825
3	19	樂學館	1527.4	1808
3	20	農化新館/第二行政大樓	1598.5	1617
3	21	文學院館	1975.2	1734
3	22	農業綜合大樓	1760.4	1623
3	23	文學院研究大樓	1975.2	1734
3	24	森林環境暨資源系館	1901.2	1689
3	25	航空測量館	1967.6	1651
3	26	林產館	1968.2	1664
3	27	土木系館	1830.1	1774
3	28	化學工程系館	1832	1815
3	29	圖書資訊館	1939	1769
3	30	原子與分子科學研究所館	2049.7	1741
3	31	電機一館	2037.7	1871
3	32	化學系館	1823.3	1911
3	33	生化科學研究所館	1862.6	1939
3	34	數學館	1820.9	2127
3	35	海洋研究所館	2049.7	1741
3	36	天文數學館	1820.9	2127
3	37	物理學系/凝態科學研究中心	1658.2	2177
3	38	機械工程館	1975.2	1734
3	39	工學院綜合大樓	2025.7	1891
3	40	心理系南館	2024.5	1956
3	41	心理系北館	2034.6	2004
3	42	應用力學館	2088.1	1984
3	43	漁業科學館	1944	2054
3	44	語文大樓	2103.2	2050
3	45	管理學院二號館	1678.8	1304
3	46	管理學院一號館	1810.9	1400
3	47	建築與城鄉研究所館	2052.4	1892
3	48	地質系館	1737.8	1451
3	49	生命科學館	1875.4	1548
3	50	地理系館	1828.4	1499
3	51	氣象館	1894.8	1479
3	52	大氣科學館	1894.8	1479
3	53	昆蟲館	2073.8	1119
3	54	動物科學技術學系館	2437.4	1262
3	55	生醫工程館	2700.9	1398
3	56	農業昆蟲館	2073.8	1119
3	57	卓越研究大樓	840.8	1451
3	58	數學研究中心	1975.2	1734
4	0	活動中心	0	0
4	1	第一學生活動中心	2009.3	1776
4	2	第二學生活動中心	1643.4	1280
5	0	學生餐廳	0	0
5	1	小福樓	1742.5	1852
5	2	小小福	1719.5	1540
5	3	女九舍餐廳	1947.5	1953
6	0	體育設施	0	0
6	1	游泳池	1649.5	2065
6	2	舊體育館	1617.5	1970
6	3	綜合體育館	1529.6	2167
7	0	圖書館	0	0
7	1	校史館	1533	1780
7	2	物理系圖書室	2049.7	1741
7	3	化學系圖書室	1823.3	1911
7	4	法律學院圖書室	2483.5	2007
7	5	生化科學研究所圖書室	1862.6	1939
7	6	辜振甫先生紀念圖書館	2248.6	2075
7	7	圖書館	2049.7	1741
7	8	海洋研究所圖書室	1975.2	1734
7	9	視聽資料室	2049.7	1741
7	10	圖資系圖書室	1939	1769
8	0	行政大樓	0	0
8	1	行政大樓	1677.5	1629
8	2	行政大樓西側平房	1975.2	1734
9	0	其他	0	0
9	1	中菲大樓	2357.9	1811
9	2	國青大樓	2429.4	2031
9	3	環境工程館	2228.3	1930
9	4	嚴慶齡工業研究中心	2313.2	1672
9	5	機械系臨時工廠	1975.2	1734
9	6	明達館	2436	1785
9	7	農業陳列館	1428	1815
9	8	一號館	1476.7	1685
9	9	植物標本館	1518.1	1638
9	10	二號館	1598.7	1686
9	11	三號館	1589.3	1651
9	12	性別平等教育委員會館	1581.7	1593
9	13	望樂樓	1636.8	1523
9	14	進修教育大樓	1663.7	1541
9	15	保管組倉庫	1689	1531
9	16	四號館	1774.7	1688
9	17	五號館	1765.1	1652
9	18	農產品展售中心	1809.3	1587
9	19	水工試驗所舊館	1975.2	1734
9	20	花卉館	1870.5	1665
9	21	水工試驗大樓	1913.1	1637
9	22	衛生保健及醫療中心	1975.2	1734
9	23	新月台	1401.4	1850
9	24	思亮館	1811.8	2066
9	25	全球變遷中心	1658.5	2136
9	26	梁次震與國家理論中心	1975.2	1734
9	27	志鴻館	1955.3	1897
9	28	水產養殖池	1975.2	1734
9	29	視聽教育館	1975.2	1734
9	30	計算機及資訊網路中心	1977.4	2087
9	31	推廣教育大樓	1975.2	1734
9	32	尊賢館	1637.1	1347
9	33	展書樓	1664.8	1479
9	34	鹿鳴堂	1755.1	1515
9	35	鹿鳴雅舍	1759.4	1498
9	36	台大附設幼稚園	1709	1414
9	37	浩瀚樓	1842.7	1479
9	38	精密溫室	1975.2	1734
9	39	自動控溫管理室	1975.2	1734
9	40	食品科技館	1901.7	1396
9	41	食品研發大樓	1975.2	1734
9	42	管理學院教研館	1872.9	1309
9	43	園產品加工館	1963	1358
9	44	造園館	1998.7	1402
9	45	綠房子	2121.5	1513
9	46	雅頌坊	1867.9	1377
9	47	人工氣候室	2103.6	1613
9	48	種子研究室	1975.2	1734
9	49	農業試驗場辦公室	2127.6	1519
9	50	動物醫院	2307.6	1563
9	51	臺大癌醫中心醫院	2413.2	1450
9	52	中華經濟研究院	2693	1592
9	53	生物技術研究中心	2719.6	1564
9	54	土木研究大樓	2710.1	1793
9	55	國家地震工程研究中心	2753.8	1747
9	56	環境研究大樓	2473.1	1192
9	57	全校性實驗動物研究中心	1975.2	1734
9	58	資源回收場	1975.2	1734
9	59	園藝教學管理研究室	1785.8	1688
9	60	芳蘭大厝	2798.8	1335
9	61	育成中心	1975.2	1734
9	62	澄思樓	877.8	1255
9	63	思源樓	862.4	1309
9	64	飲水樓	865.9	1392
