2467	1721
2531	1729
1759	1408
1404	1839
1673	1355
1844	1761
1436	1547
1901	1951
1760	1846
2251	1616
2059	1857
1783	2108
2040	1941
1585	1793
2575	1727
1044	1493
917	1466
997	1411
895	1391
1535	1627
1718	1666
1583	1980
1791	1595
1786	1566
1786	1511
1798	1345
1635	1603
1009	1525
2398	1754
1574	1699
1633	2157
2145	2053
2175	1987
1906	2074
1583	1561
1992	2036
1868	1881
1569	1751
1825	1548
1995	1761
2195	1922
1600	1890
1888	1704
1455	1698
1686	1539
1909	1337
1781	1703
1846	1960
2305	1900
2247	1857
1928	1804
2031	1690
2347	1995
2242	1791
1591	2112
1070.2	1371.1
1205	1479.3
1428.1	1459.9
1378.5	1508
2360.2	2587.8
2361.6	2571.3
2122.1	2436.2
2284.4	2345.7
2307.7	2160.9
2329	2422.8
2324.9	2253.5
1362.7	1892.3
1382.5	1987.8
1408.2	2111.3
1271	1767.3
1192.9	1734.6
1319.2	2095.7
1155.1	1897.8
1079.1	1913.2
990.3	1928.5
979.2	1977.5
2745.8	1801.4
2528.1	1659.5
2533.8	1642.4
2693.4	1526.6
2664.8	1375.4
2490.5	1229.1
2383.2	1423.4
2173.7	1184.5
2292.9	1582.6
2139.8	1452.6
2492.1	2038.4
2439.5	2075.2
2279	2098.4
2066.6	2104.4
1635.6	2218
1491.8	2218
1546.7	1388.6
1659.8	1246.9
1973.5	1297.5
2064.3	1140.1
1437.6	1497.7
2330.4	2545.4
2415.2	2147.9
2647.7	2047
2698.3	2161.9
2654.3	2275.2
2664.9	2442.9
	
	
	
	
	
	
	
	
	
	
	
	
	
	
	
	
	
	
	
	
	
	
	
	
	
	
	
	
	
	
	
	
	
	
	
	
	
	
	
	
	
	
	
	
	
	
	
	
	
	
	
	
	
	
	
	
	
	
	
	
	
	
	
	
	
	
	
	
	
	
	
	
	
	
	
	
	
	
	
	
	
	
	
	
	
	
	
	
	
	
	
	
	
	
	
	
	
	
	
	
	
	
	
	
	
	
	
	
	
	
	
	
	
	
	
	
	
	
	
	
	
	
	
	
	
	
	
	
	
	
	
	
	
	
	
	
	
	
	
	
	
	
	
	
	
	
	
	
	
	
	
	
	
	
	
	
	
	
	
	
	
	
	
	
	
	
	
	
	
	
	
	
	
	
	
	
	
	
	
	
	
	
	
	
	
	
	
	
	
	
	
	
	
	
	
	
	
	
	
	
	
	
	
	
	
	
	
	
	
	
	
	
	
	
	
	
	
	
	
	
	
	
	
	
	
	
	
	
	
	
	
	
	
	
	
	
	
	
	
	
	
	
	
	
	
	
	
	
	
	
	
	
	
	
	
	
	
	
	
	
	
	
	
	
	
	
	
	
	
	
	
	
	
	
	
	
	
	
	
	
	
	
	
	
	
	
	
	
	
	
	
	
	
	
	
	
	
	
	
	
	
	
	
	
	
	
	
	
	
	
	
	
	
	
	
	
	
	
	
	
	
	
	
	
	
	
	
	
	
	
	
	
	
	
	
	
	
	
	
	
	
	
	
	
	
	
	
	
	
	
	
	
	
	
	
	
	
	
	
	
	
	
	
	
	
	
	
	
	
	
	
	
	
	
	
	
	
	
	
	
	
	
	
	
	
	
	
	
	
	
	
	
	
	
	
	
	
	
	
	
	
	
	
	
	
	
	
	
	
	
	
	
	
	
	
	
	
	
	
	
	
	
	
	
	
	
	
	
	
	
	
	
	
	
	
	
	
	
	
	
	
	
	
	
	
	
	
	
	
	
	
	
	
	
	
	
	
	
	
	
	
	
	
	
	
	
	
	
	
	
	
	
	
	
	
	
	
	
	
	
	
	
	
	
	
	
	
	
	
	
	
	
	
	
	
	
	
	
	
	
	
	
	
	
	
	
	
	
	
	
	
	
	
	
	
	
	
	
	
	
	
	
	
	
	
	
	
	
	
	
	
	
	
	
	
	
	
	
	
	
	
	
	
	
	
	
	
	
	
	
	
	
	
	
	
	
	
	
	
	
	
	
	
	
	
	
	
	
	
	
	
	
	
	
	
	
	
	
	
	
	
	
	
	
	
	
	
	
	
	
	
	
	
	
	
	
	
	
	
	
	
	
	
	
	
	
	
	
	
	
	
	
	
	
	
	
	
	
	
	
	
	
	
	
	
	
	
	
	
	
	
	
	
	
	
	
	
	
	
	
	
	
	
	
	
	
	
	
	
	
	
	
	
	
	
	
	
	
	
	
	
	
	
	
	
	
	
	
	
	
	
	
	
	
	
	
	
	
	
	
	
	
	
	
	
	
	
	
	
	
	
	
	
	
	
	
	
	
	
	
	
	
	
	
	
	
	
	
	
	
	
	
	
	
	
	
	
	
	
	
	
	
	
	
	
	
	
	
	
	
	
	
	
	
	
	
	
	
	
	
	
	
	
	
	
	
	
	
	
	
	
	
	
	
	
	
	
	
	
	
	
	
	
	
	
	
	
	
	
	
	
	
	
	
	
	
	
	
	
	
	
	
	
	
	
	
	
	
	
	
	
	
	
	
	
	
	
	
	
	
	
	
	
	
	
	
	
	
	
	
	
	
	
	
	
	
	
	
	
	
	
	
	
	
	
	
	
	
	
	
	
	
	
	
	
	
	
	
	
	
	
	
	
	
	
	
	
	
	
	
	
	
	
	
	
	
	
	
	
	
	
	
	
	
	
	
	
	
	
	
	
	
	
	
	
	
	
	
	
	
	
	
	
	
	
	
	
	
	
	
	
	
	
